



RAW VM
1576775322,1591.53,795969.12,491.67,166.52,19218,11.8
1576775931,1591.83,836399.32,486.30,175.88,19200,10.8
1576776325,1588.27,826435.26,492.60,170.67,19127,11.3


docker
1576779339,1558.78,820123.09,433.35,94.78,18308,11.7
1576781796,1499.05,812353.82,460.45,127.66,18089,11.5
1576782175,1558.23,816739.16,486.80,463.30,17528,11.8

kvm
1576786704,1552.46,234547.08,5232.45,4504.23,17306,10.3
1576787123,1543.82,231659.95,5229.09,4539.06,17484,9.72
1576787501,1511.07,223697.61,5183.91,4501.02,16074,9.91

without kvm
1576793301,334.86,54383.16,885.22,779.78,308,10.3
1576793769,329.24,45720.81,847.61,750.44,303,10.2
1576794181,331.92,43884.43,838.36,766.20,305,10.6
